pos	orbFrontalF1	orbFrontalF11	orbFrontalF2	orbFrontalF23	orbFrontalF3	orbFrontalF32	orbFrontalF33	orbFrontalF40	orbFrontalF42	orbFrontalF43	orbFrontalF47	orbFrontalF53	orbFrontalF55	orbFrontalF56	orbFrontalF58
15016242	0	0	0	0	0	0	0	0	0	0	0	0	0	0	0
15016243	0	0	0	0	0	0	0	0	0	0	0	0	0	0	0
15016244	0	0	0	0	0	0	0	0	0	0	0	0	0	0	0
15016245	0	0	0	0	0	0	0	0	0	0	0	0	0	0	0
15016246	0	0	0	0	0	0	0	0	0	0	0	0	0	0	0
15016247	0	0	0	0	0	0	0	0	0	0	0	0	0	0	0
15016248	0	0	0	0	0	0	0	0	0	0	0	0	0	0	0
15016249	0	0	0	0	0	0	0	0	0	0	0	0	0	0	0
15016250	0	0	0	0	0	0	0	0	0	0	0	0	0	0	0
15016251	0	0	0	0	0	0	0	0	0	0	0	0	0	0	0
15016252	0	0	0	0	0	0	0	0	0	0	0	0	0	0	0
15016253	0	0	0	0	0	0	0	0	0	0	0	0	0	0	0
15016254	0	0	0	0	0	0	0	0	0	0	0	0	0	0	0
15016255	0	0	0	0	0	0	0	0	0	0	0	0	0	0	0
15016256	0	0	0	0	0	0	0	0	0	0	0	0	0	0	0
15016257	0	0	0	0	0	0	0	0	0	0	0	0	0	0	0
15016258	0	0	0	0	0	0	0	0	0	0	0	0	0	0	0
15016259	0	0	0	0	0	0	0	0	0	0	0	0	0	0	0
15016260	0	0	0	0	0	0	0	0	0	0	0	0	0	0	0
15016261	0	0	0	0	0	0	0	0	0	0	0	0	0	0	0
15016262	0	0	0	0	0	0	0	0	0	0	0	0	0	0	0
15016263	0	0	0	0	0	0	0	0	0	0	0	0	0	0	0
15016264	0	0	0	0	0	0	0	0	0	0	0	0	0	0	0
15016265	0	0	0	0	0	0	0	0	0	0	0	0	0	0	0
15016266	0	0	0	0	0	0	0	0	0	0	0	0	0	0	0
15016267	0	0	0	0	0	0	0	0	0	0	0	0	0	0	0
15016268	0	0	0	0	0	0	0	0	0	0	0	0	0	0	0
15016269	0	0	0	0	0	0	0	0	0	0	0	0	0	0	0
15016270	0	0	0	0	0	0	0	0	0	0	0	0	0	0	0
15016271	0	0	0	0	0	0	0	0	0	0	0	0	0	0	0
15016272	0	0	0	0	0	0	0	0	0	0	0	0	0	0	0
15016273	0	0	0	0	0	0	0	0	0	0	0	0	0	0	0
15016274	0	0	0	0	0	0	0	0	0	0	0	0	0	0	0
15016275	0	0	0	0	0	0	0	0	0	0	0	0	0	0	0
15016276	0	0	0	0	0	0	0	0	0	0	0	0	0	0	0
15016277	0	0	0	0	0	0	0	0	0	0	0	0	0	0	0
15016278	0	0	0	0	0	0	0	0	0	0	0	0	0	0	0
15016279	0	0	0	0	0	0	0	0	0	0	0	0	0	0	0
15016280	0	0	0	0	0	0	0	0	0	0	0	0	0	0	0
15016281	0	0	0	0	0	0	0	0	0	0	0	0	0	0	0
15016282	0	0	0	0	0	0	0	0	0	0	0	0	0	0	0
15016283	0	0	0	0	0	0	0	0	0	0	0	0	0	0	0
15016284	0	0	0	0	0	0	0	0	0	0	0	0	0	0	0
15016285	0	0	0	0	0	0	0	0	0	0	0	0	0	0	0
15016286	0	0	0	0	0	0	0	0	0	0	0	0	0	0	0
15016287	0	0	0	0	0	0	0	0	0	0	0	0	0	0	0
15016288	0	0	0	0	0	0	0	0	0	0	0	0	0	0	0
15016289	0	0	0	0	0	0	0	0	0	0	0	0	0	0	0
15016290	0	0	0	0	0	0	0	0	0	0	0	0	0	0	0
15016291	0	0	0	0	0	0	0	0	0	0	0	0	0	0	0
15016292	0	0	0	0	0	0	0	0	0	0	0	0	0	0	0
15016293	0	0	0	0	0	0	0	0	0	0	0	0	0	0	0
15016294	0	0	0	0	0	0	0	0	0	0	0	0	0	0	0
15016295	0	0	0	0	0	0	0	0	0	0	0	0	0	0	0
15016296	0	0	0	0	0	0	0	0	0	0	0	0	0	0	0
15016297	0	0	0	0	0	0	0	0	0	0	0	0	0	0	0
15016298	0	0	0	0	0	0	0	0	0	0	0	0	0	0	0
15016299	0	0	0	0	0	0	0	0	0	0	0	0	0	0	0
15016300	0	0	0	0	0	0	0	0	0	0	0	0	0	0	0
15016301	0	0	0	0	0	0	0	0	0	0	0	0	0	0	0
15016302	0	0	0	0	0	0	0	0	0	0	0	0	0	0	0
15016303	0	0	0	0	0	0	0	0	0	0	0	0	0	0	0
15016304	0	0	0	0	0	0	0	0	0	0	0	0	0	0	0
15016305	0	0	0	0	0	0	0	0	0	0	0	0	0	0	0
15016306	0	0	0	0	0	0	0	0	0	0	0	0	0	0	0
15016307	0	0	0	0	0	0	0	0	0	0	0	0	0	0	0
15016308	0	0	0	0	0	0	0	0	0	0	0	0	0	0	0
15016309	0	0	0	0	0	0	0	0	0	0	0	0	0	0	0
15016310	0	0	0	0	0	0	0	0	0	0	0	0	0	0	0
15016311	0	0	0	0	0	0	0	0	0	0	0	0	0	0	0
15016312	0	0	0	0	0	0	0	0	0	0	0	0	0	0	0
15016313	0	0	0	0	0	0	0	0	0	0	0	0	0	0	0
15016314	0	0	0	0	0	0	0	0	0	0	0	0	0	0	0
15016315	0	0	0	0	0	0	0	0	0	0	0	0	0	0	0
15016316	0	0	0	0	0	0	0	0	0	0	0	0	0	0	0
15016317	0	0	0	0	0	0	0	0	0	0	0	0	0	0	0
15016318	0	0	0	0	0	0	0	0	0	0	0	0	0	0	0
15016319	0	0	0	0	0	0	0	0	0	0	0	0	0	0	0
15016320	0	0	0	0	0	0	0	0	0	0	0	0	0	0	0
15016321	0	0	0	0	0	0	0	0	0	0	0	0	0	0	0
15016322	0	0	0	0	0	0	0	0	0	0	0	0	0	0	0
15016323	0	0	0	0	0	0	0	0	0	0	0	0	0	0	0
15016324	0	0	0	0	0	0	0	0	0	0	0	0	0	0	0
15016325	0	0	0	0	0	0	0	0	0	0	0	0	0	0	0
15016326	0	0	0	0	0	0	0	0	0	0	0	0	0	0	0
15016327	0	0	0	0	0	0	0	0	0	0	0	0	0	0	0
15016328	0	0	0	0	0	0	0	0	0	0	0	0	0	0	0
15016329	0	0	0	0	0	0	0	0	0	0	0	0	0	0	0
15016330	0	0	0	0	0	0	0	0	0	0	0	0	0	0	0
15016331	0	0	0	0	0	0	0	0	0	0	0	0	0	0	0
15016332	0	0	0	0	0	0	0	0	0	0	0	0	0	0	0
15016333	0	0	0	0	0	0	0	0	0	0	0	0	0	0	0
15016334	0	0	0	0	0	0	0	0	0	0	0	0	0	0	0
15016335	0	0	0	0	0	0	0	0	0	0	0	0	0	0	0
15016336	0	0	0	0	0	0	0	0	0	0	0	0	0	0	0
15016337	0	0	0	0	0	0	0	0	0	0	0	0	0	0	0
15016338	0	0	0	0	0	0	0	0	0	0	0	0	0	0	0
15016339	0	0	0	0	0	0	0	0	0	0	0	0	0	0	0
15016340	0	0	0	0	0	0	0	0	0	0	0	0	0	0	0
15016341	0	0	0	0	0	0	0	0	0	0	0	0	0	0	0
15016342	0	0	0	0	0	0	0	0	0	0	0	0	0	0	0
15016343	0	0	0	0	0	0	0	0	0	0	0	0	0	0	0
15016344	0	0	0	0	0	0	0	0	0	0	0	0	0	0	0
15016345	0	0	0	0	0	0	0	0	0	0	0	0	0	0	0
15016346	0	0	0	0	0	0	0	0	0	0	0	0	0	0	0
15016347	0	0	0	0	0	0	0	0	0	0	0	0	0	0	0
15016348	0	0	0	0	0	0	0	0	0	0	0	0	0	0	0
15016349	0	0	0	0	0	0	0	0	0	0	0	0	0	0	0
15016350	0	0	0	0	0	0	0	0	0	0	0	0	0	0	0
15016351	0	0	0	0	0	0	0	0	0	0	0	0	0	0	0
15016352	0	0	0	0	0	0	0	0	0	0	0	0	0	0	0
15016353	0	0	0	0	0	0	0	0	0	0	0	0	0	0	0
15016354	0	0	0	0	0	0	0	0	0	0	0	0	0	0	0
15016355	0	0	0	0	0	0	0	0	0	0	0	0	0	0	0
15016356	0	0	0	0	0	0	0	0	0	0	0	0	0	0	0
15016357	0	0	0	0	0	0	0	0	0	0	0	0	0	0	0
15016358	0	0	0	0	0	0	0	0	0	0	0	0	0	0	0
15016359	0	0	0	0	0	0	0	0	0	0	0	0	0	0	0
15016360	0	0	0	0	0	0	0	0	0	0	0	0	0	0	0
15016361	0	0	0	0	0	0	0	0	0	0	0	0	0	0	0
15016362	0	0	0	0	0	0	0	0	0	0	0	0	0	0	0
15016363	0	0	0	0	0	0	0	0	0	0	0	0	0	0	0
15016364	0	0	0	0	0	0	0	0	0	0	0	0	0	0	0
15016365	0	0	0	0	0	0	0	0	0	0	0	0	0	0	0
15016366	0	0	0	0	0	0	0	0	0	0	0	0	0	0	0
15016367	0	0	0	0	0	0	0	0	0	0	0	0	0	0	0
15016368	0	0	0	0	0	0	0	0	0	0	0	0	0	0	0
15016369	0	0	0	0	0	0	0	0	0	0	0	0	0	0	0
15016370	0	0	0	0	0	0	0	0	0	0	0	0	0	0	0
15016371	0	0	0	0	0	0	0	0	0	0	0	0	0	0	0
15016372	0	0	0	0	0	0	0	0	0	0	0	0	0	0	0
15016373	0	0	0	0	0	0	0	0	0	0	0	0	0	0	0
15016374	0	0	0	0	0	0	0	0	0	0	0	0	0	0	0
15016375	0	0	0	0	0	0	0	0	0	0	0	0	0	0	0
15016376	0	0	0	0	0	0	0	0	0	0	0	0	0	0	0
15016377	0	0	0	0	0	0	0	0	0	0	0	0	0	0	0
15016378	0	0	0	0	0	0	0	0	0	0	0	0	0	0	0
15016379	0	0	0	0	0	0	0	0	0	0	0	0	0	0	0
15016380	0	0	0	0	0	0	0	0	0	0	0	0	0	0	0
15016381	0	0	0	0	0	0	0	0	0	0	0	0	0	0	0
15016382	0	0	0	0	0	0	0	0	0	0	0	0	0	0	0
15016383	0	0	0	0	0	0	0	0	0	0	0	0	0	0	0
15016384	0	0	0	0	0	0	0	0	0	0	0	0	0	0	0
15016385	0	0	0	0	0	0	0	0	0	0	0	0	0	0	0
15016386	0	0	0	0	0	0	0	0	0	0	0	0	0	0	0
15016387	0	0	0	0	0	0	0	0	0	0	0	0	0	0	0
15016388	0	0	0	0	0	0	0	0	0	0	0	0	0	0	0
15016389	0	0	0	0	0	0	0	0	0	0	0	0	0	0	0
15016390	0	0	0	0	0	0	0	0	0	0	0	0	0	0	0
15016391	0	0	0	0	0	0	0	0	0	0	0	0	0	0	0
15016392	0	0	0	0	0	0	0	0	0	0	0	0	0	0	0
15016393	0	0	0	0	0	0	0	0	0	0	0	0	0	0	0
15016394	0	0	0	0	0	0	0	0	0	0	0	0	0	0	0
15016395	0	0	0	0	0	0	0	0	0	0	0	0	0	0	0
15016396	0	0	0	0	0	0	0	0	0	0	0	0	0	0	0
15016397	0	0	0	0	0	0	0	0	0	0	0	0	0	0	0
15016398	0	0	0	0	0	0	0	0	0	0	0	0	0	0	0
15016399	0	0	0	0	0	0	0	0	0	0	0	0	0	0	0
15016400	0	0	0	0	0	0	0	0	0	0	0	0	0	0	0
15016401	0	0	0	0	0	0	0	0	0	0	0	0	0	0	0
15016402	0	0	0	0	0	0	0	0	0	0	0	0	0	0	0
15016403	0	0	0	0	0	0	0	0	0	0	0	0	0	0	0
15016404	0	0	0	0	0	0	0	0	0	0	0	0	0	0	0
15016405	0	0	0	0	0	0	0	0	0	0	0	0	0	0	0
15016406	0	0	0	0	0	0	0	0	0	0	0	0	0	0	0
15016407	0	0	0	0	0	0	0	0	0	0	0	0	0	0	0
15016408	0	0	0	0	0	0	0	0	0	0	0	0	0	0	0
15016409	0	0	0	0	0	0	0	0	0	0	0	0	0	0	0
15016410	0	0	0	0	0	0	0	0	0	0	0	0	0	0	0
15016411	0	0	0	0	0	0	0	0	0	0	0	0	0	0	0
15016412	0	0	0	0	0	0	0	0	0	0	0	0	0	0	0
15016413	0	0	0	0	0	0	0	0	0	0	0	0	0	0	0
15016414	0	0	0	0	0	0	0	0	0	0	0	0	0	0	0
15016415	0	0	0	0	0	0	0	0	0	0	0	0	0	0	0
15016416	0	0	0	0	0	0	0	0	0	0	0	0	0	0	0
15016417	0	0	0	0	0	0	0	0	0	0	0	0	0	0	0
15016418	0	0	0	0	0	0	0	0	0	0	0	0	0	0	0
15016419	0	0	0	0	0	0	0	0	0	0	0	0	0	0	0
15016420	0	0	0	0	0	0	0	0	0	0	0	0	0	0	0
15016421	0	0	0	0	0	0	0	0	0	0	0	0	0	0	0
15016422	0	0	0	0	0	0	0	0	0	0	0	0	0	0	0
15016423	0	0	0	0	0	0	0	0	0	0	0	0	0	0	0
15016424	0	0	0	0	0	0	0	0	0	0	0	0	0	0	0
15016425	0	0	0	0	0	0	0	0	0	0	0	0	0	0	0
15016426	0	0	0	0	0	0	0	0	0	0	0	0	0	0	0
15016427	0	0	0	0	0	0	0	0	0	0	0	0	0	0	0
15016428	0	0	0	0	0	0	0	0	0	0	0	0	0	0	0
15016429	0	0	0	0	0	0	0	0	0	0	0	0	0	0	0
15016430	0	0	0	0	0	0	0	0	0	0	0	0	0	0	0
15016431	0	0	0	0	0	0	0	0	0	0	0	0	0	0	0
15016432	0	0	0	0	0	0	0	0	0	0	0	0	0	0	0
15016433	0	0	0	0	0	0	0	0	0	0	0	0	0	0	0
15016434	0	0	0	0	0	0	0	0	0	0	0	0	0	0	0
15016435	0	0	0	0	0	0	0	0	0	0	0	0	0	0	0
15016436	0	0	0	0	0	0	0	0	0	0	0	0	0	0	0
15016437	0	0	0	0	0	0	0	0	0	0	0	0	0	0	0
15016438	0	0	0	0	0	0	0	0	0	0	0	0	0	0	0
15016439	0	0	0	0	0	0	0	0	0	0	0	0	0	0	0
15016440	0	0	0	0	0	0	0	0	0	0	0	0	0	0	0
15016441	0	0	0	0	0	0	0	0	0	0	0	0	0	0	0
15016442	0	0	0	0	0	0	0	0	0	0	0	0	0	0	0
15016443	0	0	0	0	0	0	0	0	0	0	0	0	0	0	0
15016444	0	0	0	0	0	0	0	0	0	0	0	0	0	0	0
15016445	0	0	0	0	0	0	0	0	0	0	0	0	0	0	0
15016446	0	0	0	0	0	0	0	0	0	0	0	0	0	0	0
15016447	0	0	0	0	0	0	0	0	0	0	0	0	0	0	0
15016448	0	0	0	0	0	0	0	0	0	0	0	0	0	0	0
15016449	0	0	0	0	0	0	0	0	0	0	0	0	0	0	0
15016450	0	0	0	0	0	0	0	0	0	0	0	0	0	0	0
15016451	0	0	0	0	0	0	0	0	0	0	0	0	0	0	0
15016452	0	0	0	0	0	0	0	0	0	0	0	0	0	0	0
15016453	0	0	0	0	0	0	0	0	0	0	0	0	0	0	0
15016454	0	0	0	0	0	0	0	0	0	0	0	0	0	0	0
15016455	0	0	0	0	0	0	0	0	0	0	0	0	0	0	0
15016456	0	0	0	0	0	0	0	0	0	0	0	0	0	0	0
15016457	0	0	0	0	0	0	0	0	0	0	0	0	0	0	0
15016458	0	0	0	0	0	0	0	0	0	0	0	0	0	0	0
15016459	0	0	0	0	0	0	0	0	0	0	0	0	0	0	0
15016460	0	0	0	0	0	0	0	0	0	0	0	0	0	0	0
15016461	0	0	0	0	0	0	0	0	0	0	0	0	0	0	0
15016462	0	0	0	0	0	0	0	0	0	0	0	0	0	0	0
15016463	0	0	0	0	0	0	0	0	0	0	0	0	0	0	0
15016464	0	0	0	0	0	0	0	0	0	0	0	0	0	0	0
15016465	0	0	0	0	0	0	0	0	0	0	0	0	0	0	0
15016466	0	0	0	0	0	0	0	0	0	0	0	0	0	0	0
15016467	0	0	0	0	0	0	0	0	0	0	0	0	0	0	0
15016468	0	0	0	0	0	0	0	0	0	0	0	0	0	0	0
15016469	0	0	0	0	0	0	0	0	0	0	0	0	0	0	0
15016470	0	0	0	0	0	0	0	0	0	0	0	0	0	0	0
15016471	0	0	0	0	0	0	0	0	0	0	0	0	0	0	0
15016472	0	0	0	0	0	0	0	0	0	0	0	0	0	0	0
15016473	0	0	0	0	0	0	0	0	0	0	0	0	0	0	0
15016474	0	0	0	0	0	0	0	0	0	0	0	0	0	0	0
15016475	0	0	0	0	0	0	0	0	0	0	0	0	0	0	0
15016476	0	0	0	0	0	0	0	0	0	0	0	0	0	0	0
15016477	0	0	0	0	0	0	0	0	0	0	0	0	0	0	0
15016478	0	0	0	0	0	0	0	0	0	0	0	0	0	0	0
15016479	0	0	0	0	0	0	0	0	0	0	0	0	0	0	0
15016480	0	0	0	0	0	0	0	0	0	0	0	0	0	0	0
15016481	0	0	0	0	0	0	0	0	0	0	0	0	0	0	0
15016482	0	0	0	0	0	0	0	0	0	0	0	0	0	0	0
15016483	0	0	0	0	0	0	0	0	0	0	0	0	0	0	0
15016484	0	0	0	0	0	0	0	0	0	0	0	0	0	0	0
15016485	0	0	0	0	0	0	0	0	0	0	0	0	0	0	0
15016486	0	0	0	0	0	0	0	0	0	0	0	0	0	0	0
15016487	0	0	0	0	0	0	0	0	0	0	0	0	0	0	0
15016488	0	0	0	0	0	0	0	0	0	0	0	0	0	0	0
15016489	0	0	0	0	0	0	0	0	0	0	0	0	0	0	0
15016490	0	0	0	0	0	0	0	0	0	0	0	0	0	0	0
15016491	0	0	0	0	0	0	0	0	0	0	0	0	0	0	0
15016492	0	0	0	0	0	0	0	0	0	0	0	0	0	0	0
15016493	0	0	0	0	0	0	0	0	0	0	0	0	0	0	0
15016494	0	0	0	0	0	0	0	0	0	0	0	0	0	0	0
15016495	0	0	0	0	0	0	0	0	0	0	0	0	0	0	0
15016496	0	0	0	0	0	0	0	0	0	0	0	0	0	0	0
15016497	0	0	0	0	0	0	0	0	0	0	0	0	0	0	0
15016498	0	0	0	0	0	0	0	0	0	0	0	0	0	0	0
15016499	0	0	0	0	0	0	0	0	0	0	0	0	0	0	0
15016500	0	0	0	0	0	0	0	0	0	0	0	0	0	0	0
15016501	0	0	0	0	0	0	0	0	0	0	0	0	0	0	0
15016502	0	0	0	0	0	0	0	0	0	0	0	0	0	0	0
15016503	0	0	0	0	0	0	0	0	0	0	0	0	0	0	0
15016504	0	0	0	0	0	0	0	0	0	0	0	0	0	0	0
15016505	0	0	0	0	0	0	0	0	0	0	0	0	0	0	0
15016506	0	0	0	0	0	0	0	0	0	0	0	0	0	0	0
15016507	0	0	0	0	0	0	0	0	0	0	0	0	0	0	0
15016508	0	0	0	0	0	0	0	0	0	0	0	0	0	0	0
15016509	0	0	0	0	0	0	0	0	0	0	0	0	0	0	0
15016510	0	0	0	0	0	0	0	0	0	0	0	0	0	0	0
15016511	0	0	0	0	0	0	0	0	0	0	0	0	0	0	0
15016512	0	0	0	0	0	0	0	0	0	0	0	0	0	0	0
15016513	0	0	0	0	0	0	0	0	0	0	0	0	0	0	0
15016514	0	0	0	0	0	0	0	0	0	0	0	0	0	0	0
15016515	0	0	0	0	0	0	0	0	0	0	0	0	0	0	0
15016516	0	0	0	0	0	0	0	0	0	0	0	0	0	0	0
15016517	0	0	0	0	0	0	0	0	0	0	0	0	0	0	0
15016518	0	0	0	0	0	0	0	0	0	0	0	0	0	0	0
15016519	0	0	0	0	0	0	0	0	0	0	0	0	0	0	0
15016520	0	0	0	0	0	0	0	0	0	0	0	0	0	0	0
15016521	0	0	0	0	0	0	0	0	0	0	0	0	0	0	0
15016522	0	0	0	0	0	0	0	0	0	0	0	0	0	0	0
15016523	0	0	0	0	0	0	0	0	0	0	0	0	0	0	0
15016524	0	0	0	0	0	0	0	0	0	0	0	0	0	0	0
15016525	0	0	0	0	0	0	0	0	0	0	0	0	0	0	0
15016526	0	0	0	0	0	0	0	0	0	0	0	0	0	0	0
15016527	0	0	0	0	0	0	0	0	0	0	0	0	0	0	0
15016528	0	0	0	0	0	0	0	0	0	0	0	0	0	0	0
15016529	0	0	0	0	0	0	0	0	0	0	0	0	0	0	0
15016530	0	0	0	0	0	0	0	0	0	0	0	0	0	0	0
15016531	0	0	0	0	0	0	0	0	0	0	0	0	0	0	0
15016532	0	0	0	0	0	0	0	0	0	0	0	0	0	0	0
15016533	0	0	0	0	0	0	0	0	0	0	0	0	0	0	0
15016534	0	0	0	0	0	0	0	0	0	0	0	0	0	0	0
15016535	0	0	0	0	0	0	0	0	0	0	0	0	0	0	0
15016536	0	0	0	0	0	0	0	0	0	0	0	0	0	0	0
15016537	0	0	0	0	0	0	0	0	0	0	0	0	0	0	0
15016538	0	0	0	0	0	0	0	0	0	0	0	0	0	0	0
15016539	0	0	0	0	0	0	0	0	0	0	0	0	0	0	0
15016540	0	0	0	0	0	0	0	0	0	0	0	0	0	0	0
15016541	0	0	0	0	0	0	0	0	0	0	0	0	0	0	0
15016542	0	0	0	0	0	0	0	0	0	0	0	0	0	0	0
15016543	0	0	0	0	0	0	0	0	0	0	0	0	0	0	0
15016544	0	0	0	0	0	0	0	0	0	0	0	0	0	0	0
15016545	0	0	0	0	0	0	0	0	0	0	0	0	0	0	0
15016546	0	0	0	0	0	0	0	0	0	0	0	0	0	0	0
15016547	0	0	0	0	0	0	0	0	0	0	0	0	0	0	0
15016548	0	0	0	0	0	0	0	0	0	0	0	0	0	0	0
15016549	0	0	0	0	0	0	0	0	0	0	0	0	0	0	0
15016550	0	0	0	0	0	0	0	0	0	0	0	0	0	0	0
15016551	0	0	0	0	0	0	0	0	0	0	0	0	0	0	0
15016552	0	0	0	0	0	0	0	0	0	0	0	0	0	0	0
15016553	0	0	0	0	0	0	0	0	0	0	0	0	0	0	0
15016554	0	0	0	0	0	0	0	0	0	0	0	0	0	0	0
15016555	0	0	0	0	0	0	0	0	0	0	0	0	0	0	0
15016556	0	0	0	0	0	0	0	0	0	0	0	0	0	0	0
15016557	0	0	0	0	0	0	0	0	0	0	0	0	0	0	0
15016558	0	0	0	0	0	0	0	0	0	0	0	0	0	0	0
15016559	0	0	0	0	0	0	0	0	0	0	0	0	0	0	0
15016560	0	0	0	0	0	0	0	0	0	0	0	0	0	0	0
15016561	0	0	0	0	0	0	0	0	0	0	0	0	0	0	0
15016562	0	0	0	0	0	0	0	0	0	0	0	0	0	0	0
15016563	0	0	0	0	0	0	0	0	0	0	0	0	0	0	0
15016564	0	0	0	0	0	0	0	0	0	0	0	0	0	0	0
15016565	0	0	0	0	0	0	0	0	0	0	0	0	0	0	0
15016566	0	0	0	0	0	0	0	0	0	0	0	0	0	0	0
15016567	0	0	0	0	0	0	0	0	0	0	0	0	0	0	0
15016568	0	0	0	0	0	0	0	0	0	0	0	0	0	0	0
15016569	0	0	0	0	0	0	0	0	0	0	0	0	0	0	0
15016570	0	0	0	0	0	0	0	0	0	0	0	0	0	0	0
15016571	0	0	0	0	0	0	0	0	0	0	0	0	0	0	0
15016572	0	0	0	0	0	0	0	0	0	0	0	0	0	0	0
15016573	0	0	0	0	0	0	0	0	0	0	0	0	0	0	0
15016574	0	0	0	0	0	0	0	0	0	0	0	0	0	0	0
15016575	0	0	0	0	0	0	0	0	0	0	0	0	0	0	0
15016576	0	0	0	0	0	0	0	0	0	0	0	0	0	0	0
15016577	0	0	0	0	0	0	0	0	0	0	0	0	0	0	0
15016578	0	0	0	0	0	0	0	0	0	0	0	0	0	0	0
15016579	0	0	0	0	0	0	0	0	0	0	0	0	0	0	0
15016580	0	0	0	0	0	0	0	0	0	0	0	0	0	0	0
15016581	0	0	0	0	0	0	0	0	0	0	0	0	0	0	0
15016582	0	0	0	0	0	0	0	0	0	0	0	0	0	0	0
15016583	0	0	0	0	0	0	0	0	0	0	0	0	0	0	0
15016584	0	0	0	0	0	0	0	0	0	0	0	0	0	0	0
15016585	0	0	0	0	0	0	0	0	0	0	0	0	0	0	0
15016586	0	0	0	0	0	0	0	0	0	0	0	0	0	0	0
15016587	0	0	0	0	0	0	0	0	0	0	0	0	0	0	0
15016588	0	0	0	0	0	0	0	0	0	0	0	0	0	0	0
15016589	0	0	0	0	0	0	0	0	0	0	0	0	0	0	0
15016590	0	0	0	0	0	0	0	0	0	0	0	0	0	0	0
15016591	0	0	0	0	0	0	0	0	0	0	0	0	0	0	0
15016592	0	0	0	0	0	0	0	0	0	0	0	0	0	0	0
15016593	0	0	0	0	0	0	0	0	0	0	0	0	0	0	0
15016594	0	0	0	0	0	0	0	0	0	0	0	0	0	0	0
15016595	0	0	0	0	0	0	0	0	0	0	0	0	0	0	0
15016596	0	0	0	0	0	0	0	0	0	0	0	0	0	0	0
15016597	0	0	0	0	0	0	0	0	0	0	0	0	0	0	0
15016598	0	0	0	0	0	0	0	0	0	0	0	0	0	0	0
15016599	0	0	0	0	0	0	0	0	0	0	0	0	0	0	0
15016600	0	0	0	0	0	0	0	0	0	0	0	0	0	0	0
15016601	0	0	0	0	0	0	0	0	0	0	0	0	0	0	0
15016602	0	0	0	0	0	0	0	0	0	0	0	0	0	0	0
15016603	0	0	0	0	0	0	0	0	0	0	0	0	0	0	0
15016604	0	0	0	0	0	0	0	0	0	0	0	0	0	0	0
15016605	0	0	0	0	0	0	0	0	0	0	0	0	0	0	0
15016606	0	0	0	0	0	0	0	0	0	0	0	0	0	0	0
15016607	0	0	0	0	0	0	0	0	0	0	0	0	0	0	0
15016608	0	0	0	0	0	0	0	0	0	0	0	0	0	0	0
15016609	0	0	0	0	0	0	0	0	0	0	0	0	0	0	0
15016610	0	0	0	0	0	0	0	0	0	0	0	0	0	0	0
15016611	0	0	0	0	0	0	0	0	0	0	0	0	0	0	0
15016612	0	0	0	0	0	0	0	0	0	0	0	0	0	0	0
15016613	0	0	0	0	0	0	0	0	0	0	0	0	0	0	0
15016614	0	0	0	0	0	0	0	0	0	0	0	0	0	0	0
15016615	0	0	0	0	0	0	0	0	0	0	0	0	0	0	0
15016616	0	0	0	0	0	0	0	0	0	0	0	0	0	0	0
15016617	0	0	0	0	0	0	0	0	0	0	0	0	0	0	0
15016618	0	0	0	0	0	0	0	0	0	0	0	0	0	0	0
15016619	0	0	0	0	0	0	0	0	0	0	0	0	0	0	0
15016620	0	0	0	0	0	0	0	0	0	0	0	0	0	0	0
15016621	0	0	0	0	0	0	0	0	0	0	0	0	0	0	0
15016622	0	0	0	0	0	0	0	0	0	0	0	0	0	0	0
15016623	0	0	0	0	0	0	0	0	0	0	0	0	0	0	0
15016624	0	0	0	0	0	0	0	0	0	0	0	0	0	0	0
15016625	0	0	0	0	0	0	0	0	0	0	0	0	0	0	0
15016626	0	0	0	0	0	0	0	0	0	0	0	0	0	0	0
15016627	0	0	0	0	0	0	0	0	0	0	0	0	0	0	0
15016628	0	0	0	0	0	0	0	0	0	0	0	0	0	0	0
15016629	0	0	0	0	0	0	0	0	0	0	0	0	0	0	0
15016630	0	0	0	0	0	0	0	0	0	0	0	0	0	0	0
15016631	0	0	0	0	0	0	0	0	0	0	0	0	0	0	0
15016632	0	0	0	0	0	0	0	0	0	0	0	0	0	0	0
15016633	0	0	0	0	0	0	0	0	0	0	0	0	0	0	0
15016634	0	0	0	0	0	0	0	0	0	0	0	0	0	0	0
15016635	0	0	0	0	0	0	0	0	0	0	0	0	0	0	0
15016636	0	0	0	0	0	0	0	0	0	0	0	0	0	0	0
15016637	0	0	0	0	0	0	0	0	0	0	0	0	0	0	0
15016638	0	0	0	0	0	0	0	0	0	0	0	0	0	0	0
15016639	0	0	0	0	0	0	0	0	0	0	0	0	0	0	0
15016640	0	0	0	0	0	0	0	0	0	0	0	0	0	0	0
15016641	0	0	0	0	0	0	0	0	0	0	0	0	0	0	0
15016642	0	0	0	0	0	0	0	0	0	0	0	0	0	0	0
15016643	0	0	0	0	0	0	0	0	0	0	0	0	0	0	0
15016644	0	0	0	0	0	0	0	0	0	0	0	0	0	0	0
15016645	0	0	0	0	0	0	0	0	0	0	0	0	0	0	0
15016646	0	0	0	0	0	0	0	0	0	0	0	0	0	0	0
15016647	0	0	0	0	0	0	0	0	0	0	0	0	0	0	0
15016648	0	0	0	0	0	0	0	0	0	0	0	0	0	0	0
15016649	0	0	0	0	0	0	0	0	0	0	0	0	0	0	0
15016650	0	0	0	0	0	0	0	0	0	0	0	0	0	0	0
15016651	0	0	0	0	0	0	0	0	0	0	0	0	0	0	0
15016652	0	0	0	0	0	0	0	0	0	0	0	0	0	0	0
15016653	0	0	0	0	0	0	0	0	0	0	0	0	0	0	0
15016654	0	0	0	0	0	0	0	0	0	0	0	0	0	0	0
15016655	0	0	0	0	0	0	0	0	0	0	0	0	0	0	0
15016656	0	0	0	0	0	0	0	0	0	0	0	0	0	0	0
15016657	0	0	0	0	0	0	0	0	0	0	0	0	0	0	0
15016658	0	0	0	0	0	0	0	0	0	0	0	0	0	0	0
15016659	0	0	0	0	0	0	0	0	0	0	0	0	0	0	0
15016660	0	0	0	0	0	0	0	0	0	0	0	0	0	0	0
15016661	0	0	0	0	0	0	0	0	0	0	0	0	0	0	0
15016662	0	0	0	0	0	0	0	0	0	0	0	0	0	0	0
15016663	0	0	0	0	0	0	0	0	0	0	0	0	0	0	0
15016664	0	0	0	0	0	0	0	0	0	0	0	0	0	0	0
15016665	0	0	0	0	0	0	0	0	0	0	0	0	0	0	0
15016666	0	0	0	0	0	0	0	0	0	0	0	0	0	0	0
15016667	0	0	0	0	0	0	0	0	0	0	0	0	0	0	0
15016668	0	0	0	0	0	0	0	0	0	0	0	0	0	0	0
15016669	0	0	0	0	0	0	0	0	0	0	0	0	0	0	0
15016670	0	0	0	0	0	0	0	0	0	0	0	0	0	0	0
15016671	0	0	0	0	0	0	0	0	0	0	0	0	0	0	0
15016672	0	0	0	0	0	0	0	0	0	0	0	0	0	0	0
15016673	0	0	0	0	0	0	0	0	0	0	0	0	0	0	0
15016674	0	0	0	0	0	0	0	0	0	0	0	0	0	0	0
15016675	0	0	0	0	0	0	0	0	0	0	0	0	0	0	0
15016676	0	0	0	0	0	0	0	0	0	0	0	0	0	0	0
15016677	0	0	0	0	0	0	0	0	0	0	0	0	0	0	0
15016678	0	0	0	0	0	0	0	0	0	0	0	0	0	0	0
15016679	0	0	0	0	0	0	0	0	0	0	0	0	0	0	0
15016680	0	0	0	0	0	0	0	0	0	0	0	0	0	0	0
15016681	0	0	0	0	0	0	0	0	0	0	0	0	0	0	0
15016682	0	0	0	0	0	0	0	0	0	0	0	0	0	0	0
15016683	0	0	0	0	0	0	0	0	0	0	0	0	0	0	0
15016684	0	0	0	0	0	0	0	0	0	0	0	0	0	0	0
15016685	0	0	0	0	0	0	0	0	0	0	0	0	0	0	0
15016686	0	0	0	0	0	0	0	0	0	0	0	0	0	0	0
15016687	0	0	0	0	0	0	0	0	0	0	0	0	0	0	0
15016688	0	0	0	0	0	0	0	0	0	0	0	0	0	0	0
15016689	0	0	0	0	0	0	0	0	0	0	0	0	0	0	0
15016690	0	0	0	0	0	0	0	0	0	0	0	0	0	0	0
15016691	0	0	0	0	0	0	0	0	0	0	0	0	0	0	0
15016692	0	0	0	0	0	0	0	0	0	0	0	0	0	0	0
15016693	0	0	0	0	0	0	0	0	0	0	0	0	0	0	0
15016694	0	0	0	0	0	0	0	0	0	0	0	0	0	0	0
15016695	0	0	0	0	0	0	0	0	0	0	0	0	0	0	0
15016696	0	0	0	0	0	0	0	0	0	0	0	0	0	0	0
15016697	0	0	0	0	0	0	0	0	0	0	0	0	0	0	0
15016698	0	0	0	0	0	0	0	0	0	0	0	0	0	0	0
15016699	0	0	0	0	0	0	0	0	0	0	0	0	0	0	0
15016700	0	0	0	0	0	0	0	0	0	0	0	0	0	0	0
15016701	0	0	0	0	0	0	0	0	0	0	0	0	0	0	0
15016702	0	0	0	0	0	0	0	0	0	0	0	0	0	0	0
15016703	0	0	0	0	0	0	0	0	0	0	0	0	0	0	0
15016704	0	0	0	0	0	0	0	0	0	0	0	0	0	0	0
15016705	0	0	0	0	0	0	0	0	0	0	0	0	0	0	0
15016706	0	0	0	0	0	0	0	0	0	0	0	0	0	0	0
15016707	0	0	0	0	0	0	0	0	0	0	0	0	0	0	0
15016708	0	0	0	0	0	0	0	0	0	0	0	0	0	0	0
15016709	0	0	0	0	0	0	0	0	0	0	0	0	0	0	0
15016710	0	0	0	0	0	0	0	0	0	0	0	0	0	0	0
15016711	0	0	0	0	0	0	0	0	0	0	0	0	0	0	0
15016712	0	0	0	0	0	0	0	0	0	0	0	0	0	0	0
15016713	0	0	0	0	0	0	0	0	0	0	0	0	0	0	0
15016714	0	0	0	0	0	0	0	0	0	0	0	0	0	0	0
15016715	0	0	0	0	0	0	0	0	0	0	0	0	0	0	0
15016716	0	0	0	0	0	0	0	0	0	0	0	0	0	0	0
15016717	0	0	0	0	0	0	0	0	0	0	0	0	0	0	0
15016718	0	0	0	0	0	0	0	0	0	0	0	0	0	0	0
15016719	0	0	0	0	0	0	0	0	0	0	0	0	0	0	0
15016720	0	0	0	0	0	0	0	0	0	0	0	0	0	0	0
15016721	0	0	0	0	0	0	0	0	0	0	0	0	0	0	0
15016722	0	0	0	0	0	0	0	0	0	0	0	0	0	0	0
15016723	0	0	0	0	0	0	0	0	0	0	0	0	0	0	0
15016724	0	0	0	0	0	0	0	0	0	0	0	0	0	0	0
15016725	0	0	0	0	0	0	0	0	0	0	0	0	0	0	0
15016726	0	0	0	0	0	0	0	0	0	0	0	0	0	0	0
15016727	0	0	0	0	0	0	0	0	0	0	0	0	0	0	0
15016728	0	0	0	0	0	0	0	0	0	0	0	0	0	0	0
15016729	0	0	0	0	0	0	0	0	0	0	0	0	0	0	0
15016730	0	0	0	0	0	0	0	0	0	0	0	0	0	0	0
15016731	0	0	0	0	0	0	0	0	0	0	0	0	0	0	0
15016732	0	0	0	0	0	0	0	0	0	0	0	0	0	0	0
15016733	0	0	0	0	0	0	0	0	0	0	0	0	0	0	0
15016734	0	0	0	0	0	0	0	0	0	0	0	0	0	0	0
15016735	0	0	0	0	0	0	0	0	0	0	0	0	0	0	0
15016736	0	0	0	0	0	0	0	0	0	0	0	0	0	0	0
15016737	0	0	0	0	0	0	0	0	0	0	0	0	0	0	0
15016738	0	0	0	0	0	0	0	0	0	0	0	0	0	0	0
15016739	0	0	0	0	0	0	0	0	0	0	0	0	0	0	0
15016740	0	0	0	0	0	0	0	0	0	0	0	0	0	0	0
15016741	0	0	0	0	0	0	0	0	0	0	0	0	0	0	0
15016742	0	2	0	4	0	0	2	0	0	0	0	10	1	2	0
15016743	0	2	0	1	0	0	1	5	0	0	0	10	0	2	0
15016744	0	2	0	0	0	0	5	3	0	0	0	10	2	2	0
15016745	0	2	1	5	0	0	1	5	0	0	0	10	1	2	0
15016746	0	2	0	3	0	0	3	1	0	0	0	10	1	1	0
15016747	0	2	1	2	0	0	5	0	0	0	0	10	3	3	0
15016748	0	2	0	0	0	0	0	2	0	0	4	10	4	2	0
15016749	0	2	5	2	0	0	2	2	0	0	4	10	5	0	0
15016750	0	2	2	2	0	0	3	1	0	0	4	10	2	2	0
15016751	0	2	5	5	0	0	0	5	0	0	4	10	0	3	0
15016752	0	2	0	0	0	0	0	1	0	0	4	10	0	1	0
15016753	0	2	0	0	0	0	2	1	0	0	4	10	1	2	0
15016754	0	2	0	0	0	0	2	0	0	0	4	10	1	1	0
15016755	0	2	2	0	0	0	0	2	0	0	4	10	0	2	0
15016756	0	2	4	3	0	0	4	3	0	0	4	10	0	1	0
15016757	0	2	2	0	0	0	5	0	0	0	4	10	1	0	0
15016758	0	2	0	1	0	0	0	5	0	0	4	10	0	0	0
15016759	0	2	4	1	0	0	2	0	0	0	4	10	0	1	0
15016760	0	2	0	0	0	0	2	1	0	0	4	10	1	0	0
15016761	0	2	0	1	0	0	5	1	0	0	4	10	1	1	0
15016762	0	2	2	0	0	0	1	2	0	0	4	10	0	1	0
15016763	0	2	1	2	0	0	0	4	0	0	4	10	0	2	0
15016764	0	6	5	4	0	0	2	0	0	0	4	10	0	2	0
15016765	0	6	0	1	0	0	5	5	0	0	4	10	1	0	0
15016766	0	6	2	0	0	0	1	1	0	0	4	10	1	0	0
15016767	0	6	2	2	1	0	3	1	0	0	4	10	5	0	0
15016768	0	6	0	2	1	0	5	0	0	0	4	10	1	0	0
15016769	0	6	0	5	1	0	2	2	0	0	4	10	2	1	0
15016770	0	6	1	1	1	0	0	5	0	0	4	10	2	5	0
15016771	0	6	2	0	1	0	1	5	0	0	4	10	1	1	0
15016772	0	13	0	0	1	0	0	3	0	0	4	10	0	0	0
15016773	0	13	1	1	1	0	0	1	0	0	4	10	0	3	0
15016774	0	13	2	4	1	0	4	4	0	0	4	10	4	1	0
15016775	0	13	1	1	1	0	0	2	0	0	4	10	0	0	0
15016776	0	13	4	4	1	0	2	5	0	0	4	10	0	0	0
15016777	0	13	4	4	1	0	3	2	0	0	4	10	2	0	0
15016778	0	13	0	3	1	0	1	1	0	0	4	10	2	0	0
15016779	0	13	1	1	1	0	0	2	0	0	4	10	0	4	0
15016780	0	13	0	2	1	0	4	2	0	0	4	10	1	1	0
15016781	3	19	2	2	3	0	0	5	0	0	4	24	3	0	0
15016782	3	19	0	2	3	0	1	2	0	0	4	24	1	0	0
15016783	3	19	0	2	3	0	0	0	0	0	4	24	2	1	0
15016784	3	19	0	0	3	0	0	0	0	0	4	24	1	2	0
15016785	5	19	0	0	3	0	2	2	0	0	4	24	0	2	0
15016786	5	24	2	2	7	0	0	2	0	0	4	24	0	1	0
15016787	5	24	0	0	7	1	4	2	0	0	4	24	0	2	0
15016788	5	24	5	0	7	1	3	1	0	0	4	24	1	0	0
15016789	5	26	5	1	7	1	0	1	0	0	4	24	1	0	0
15016790	5	26	2	0	7	1	0	2	0	0	4	24	3	0	0
15016791	5	26	0	0	7	1	2	4	0	0	4	24	2	3	0
15016792	5	26	3	0	7	1	0	1	0	0	4	26	1	0	0
15016793	5	26	2	1	7	1	0	1	0	0	4	35	4	5	0
15016794	5	26	3	0	7	1	0	2	0	0	4	35	1	5	0
15016795	5	26	1	0	7	1	4	3	0	0	4	35	1	2	0
15016796	5	26	2	0	7	1	5	1	0	0	4	35	0	0	0
15016797	6	26	0	2	11	1	0	1	0	0	11	35	0	0	0
15016798	6	26	1	2	11	1	2	0	0	0	11	43	4	4	0
15016799	6	26	5	2	11	1	1	3	0	0	11	43	0	0	0
15016800	6	26	3	0	11	1	2	1	0	0	11	43	1	0	0
15016801	6	26	1	0	11	1	2	1	0	0	11	43	2	0	0
15016802	6	26	0	2	12	1	0	0	0	0	11	43	4	2	0
15016803	6	26	0	1	12	1	5	2	0	0	11	43	3	4	0
15016804	6	31	2	3	12	1	0	0	0	0	11	43	1	3	0
15016805	6	31	0	3	12	1	1	1	0	0	11	43	0	0	0
15016806	6	31	3	1	12	1	2	1	0	0	11	47	3	0	0
15016807	6	43	1	1	12	1	1	3	0	0	15	47	5	2	0
15016808	6	43	2	0	12	1	1	0	0	0	15	47	1	0	0
15016809	6	43	2	0	12	1	2	0	0	0	15	47	1	2	0
15016810	6	43	2	0	12	1	0	0	0	0	15	47	4	1	0
15016811	6	43	3	5	12	1	0	0	0	0	15	47	4	3	0
15016812	6	43	2	2	12	1	2	3	0	0	15	47	0	0	0
15016813	6	43	2	4	12	1	0	3	38	0	15	47	2	1	0
15016814	6	43	2	4	12	1	3	0	38	0	15	47	1	3	0
15016815	6	43	1	5	12	1	3	4	38	0	15	47	0	3	0
15016816	6	43	3	0	12	1	3	3	38	0	15	47	1	3	0
15016817	6	43	3	1	12	1	0	0	38	0	15	47	2	0	0
15016818	6	43	1	1	12	1	5	2	38	0	15	47	1	0	0
15016819	6	43	1	1	12	1	0	4	38	0	15	47	1	2	0
15016820	6	43	2	0	16	1	4	5	56	0	15	47	0	1	0
15016821	6	43	0	4	16	1	0	4	56	0	15	47	2	2	0
15016822	6	43	1	2	16	1	2	1	56	0	15	47	4	3	0
15016823	6	43	0	0	16	1	1	3	56	0	15	47	0	1	0
15016824	6	43	1	0	16	1	2	2	56	0	15	47	0	2	0
15016825	6	43	1	5	16	1	0	0	56	0	15	47	2	0	0
15016826	6	47	0	3	16	1	2	0	56	0	15	47	1	2	0
15016827	6	47	0	0	16	1	1	4	56	0	15	47	1	0	0
15016828	6	47	2	3	16	1	2	0	56	0	15	47	2	5	0
15016829	6	47	0	0	16	1	0	0	56	0	15	47	1	2	0
15016830	6	47	5	4	18	1	1	2	56	10	15	47	0	0	0
15016831	6	47	2	2	19	1	1	1	56	10	15	47	2	0	0
15016832	16	47	2	0	31	1	1	0	56	10	33	47	5	0	0
15016833	16	59	0	3	31	3	3	1	56	10	33	70	4	0	0
15016834	16	59	2	2	31	3	0	1	56	10	33	73	0	1	0
15016835	19	59	0	0	31	3	0	0	56	10	33	73	0	4	5
15016836	20	59	0	0	31	3	0	0	56	10	33	73	0	4	5
15016837	20	59	1	4	31	3	5	1	56	10	33	73	0	0	5
15016838	20	59	0	0	31	3	1	3	56	10	33	73	2	1	5
15016839	20	59	4	3	34	3	1	2	56	10	33	73	2	0	5
15016840	22	59	2	0	34	3	0	0	56	10	33	73	2	5	5
15016841	22	59	2	0	34	3	3	1	56	10	33	73	2	2	5
15016842	22	59	0	1	34	3	3	2	56	10	33	63	5	1	5
15016843	22	59	5	1	36	3	0	0	70	10	33	63	0	0	5
15016844	22	59	0	2	43	3	1	1	70	10	33	63	0	2	5
15016845	22	59	4	1	44	3	0	1	70	10	48	63	4	2	5
15016846	23	59	2	2	46	3	2	0	70	10	48	63	1	1	6
15016847	23	59	2	0	46	14	1	1	70	10	48	63	1	0	6
15016848	23	59	1	4	49	14	2	2	70	10	48	63	2	1	6
15016849	26	59	4	2	55	14	2	1	70	10	44	63	4	5	6
15016850	26	61	0	2	55	17	3	0	70	10	44	71	2	2	6
15016851	26	61	0	2	55	17	2	2	70	10	45	71	0	5	6
15016852	26	61	0	1	63	17	0	3	70	10	45	71	1	0	6
15016853	32	61	4	1	69	25	1	2	70	10	45	71	0	1	11
15016854	32	64	0	2	71	25	0	2	75	10	45	71	0	1	11
15016855	32	64	2	2	71	25	1	5	75	10	45	71	0	1	11
15016856	36	68	1	0	75	25	0	0	75	10	45	71	4	2	11
15016857	38	68	1	0	83	25	0	1	75	22	54	83	0	4	11
15016858	41	68	0	0	84	25	1	2	75	22	54	83	5	1	11
15016859	41	68	0	1	89	29	0	1	75	22	68	90	4	1	11
15016860	41	68	1	2	89	29	0	3	75	22	68	90	3	2	11
15016861	41	68	3	5	89	29	4	0	75	22	68	90	1	4	11
15016862	41	68	0	3	89	29	0	5	75	22	68	90	2	2	11
15016863	41	68	4	0	89	29	2	1	75	22	68	90	0	1	11
15016864	41	70	0	0	89	29	3	2	75	22	68	90	0	0	11
15016865	43	70	0	0	90	29	0	0	75	22	68	90	1	2	11
15016866	43	70	2	0	90	29	2	4	75	22	68	90	0	1	11
15016867	43	70	2	0	90	29	0	4	75	22	68	90	0	0	11
15016868	43	70	2	2	91	29	0	3	75	22	68	90	1	5	11
15016869	43	70	5	1	91	29	5	0	75	22	68	90	4	3	11
15016870	45	73	0	2	91	29	2	0	75	22	68	90	3	1	11
15016871	45	73	0	0	91	29	5	2	75	22	68	90	0	1	11
15016872	45	66	1	0	91	29	0	1	75	22	68	90	3	0	11
15016873	45	66	2	0	91	29	2	1	75	22	68	90	4	4	11
15016874	45	66	0	2	91	29	4	1	75	22	68	90	2	2	11
15016875	45	66	0	2	92	29	1	0	75	22	68	90	2	0	11
15016876	47	66	0	2	96	29	2	2	75	22	68	90	0	1	11
15016877	47	66	0	0	96	29	0	2	75	22	68	90	0	1	11
15016878	48	66	2	5	96	29	5	2	75	22	71	90	3	0	11
15016879	48	66	1	2	97	29	5	2	75	22	71	99	0	0	11
15016880	48	66	0	1	97	29	2	2	75	22	71	99	1	0	11
15016881	48	62	3	0	98	29	1	0	75	22	71	85	1	2	11
15016882	45	62	2	0	96	29	0	1	75	22	71	85	0	1	11
15016883	45	62	0	1	96	29	4	0	75	22	71	85	3	4	17
15016884	45	62	1	2	96	29	5	1	75	22	74	85	5	0	17
15016885	45	62	1	0	96	37	2	1	75	22	74	85	2	4	17
15016886	48	57	0	0	97	37	0	1	75	22	74	85	1	0	17
15016887	50	61	1	1	94	36	5	1	75	22	74	85	0	1	17
15016888	50	61	3	0	94	36	2	4	81	22	74	85	1	0	17
15016889	51	59	2	4	108	42	1	0	81	22	74	85	3	0	17
15016890	54	60	0	5	110	49	0	0	104	30	74	85	2	4	17
15016891	54	60	2	0	110	49	3	4	104	30	74	85	0	4	17
15016892	54	62	1	5	110	49	2	2	104	30	74	86	0	1	17
15016893	54	62	0	4	110	49	5	1	104	30	74	77	2	1	17
15016894	54	62	1	1	110	49	0	0	104	30	74	77	4	1	17
15016895	54	62	0	2	110	49	2	2	104	30	74	77	5	0	17
15016896	54	62	2	5	110	49	5	2	104	30	74	77	0	2	17
15016897	54	62	2	0	110	49	0	0	104	30	74	77	0	5	17
15016898	53	62	2	2	106	49	2	1	104	30	67	77	0	0	17
15016899	53	62	1	0	106	49	2	0	104	30	67	69	0	1	17
15016900	53	62	3	0	106	49	1	3	104	30	67	69	5	0	17
15016901	53	62	5	0	106	49	0	2	104	30	67	69	0	1	17
15016902	53	62	0	1	106	49	0	0	104	30	67	69	1	1	17
15016903	53	62	0	3	105	49	5	1	104	30	67	69	1	0	17
15016904	53	62	0	2	105	49	1	1	104	30	67	69	1	3	17
15016905	53	57	3	1	105	49	0	3	104	30	67	69	3	0	17
15016906	53	57	0	0	105	49	0	0	104	30	67	69	2	0	17
15016907	53	57	2	2	105	49	2	1	104	30	67	65	5	3	17
15016908	53	45	0	2	105	49	2	1	104	30	63	65	1	1	17
15016909	53	45	0	4	105	49	4	1	104	30	63	65	4	2	17
15016910	53	45	2	4	105	49	2	1	104	30	63	65	0	1	17
15016911	53	45	4	4	105	49	2	1	104	30	63	65	4	0	17
15016912	53	45	2	5	105	49	0	0	104	30	63	65	1	0	17
15016913	53	45	2	2	105	49	0	0	104	30	63	65	5	0	17
15016914	53	45	1	1	105	49	2	0	66	30	63	65	2	2	17
15016915	53	45	2	0	105	49	0	0	66	30	63	65	2	1	17
15016916	53	45	2	4	105	49	0	2	66	30	63	65	0	4	17
15016917	53	45	0	0	105	49	1	0	66	30	63	65	0	0	17
15016918	53	45	0	1	105	49	2	0	66	30	63	65	0	1	17
15016919	53	45	3	5	105	49	1	0	66	30	63	65	0	3	17
15016920	53	45	2	0	105	49	4	2	66	30	63	65	4	1	17
15016921	53	45	2	2	101	49	0	1	48	30	63	65	0	5	17
15016922	53	45	2	1	101	49	5	0	48	30	63	65	0	4	17
15016923	53	45	4	0	101	49	0	0	48	30	63	65	2	3	17
15016924	53	45	2	4	101	49	0	1	48	30	63	65	0	2	17
15016925	53	45	0	4	101	49	0	2	48	30	63	65	3	1	17
15016926	53	45	3	0	101	49	0	2	48	30	63	65	2	2	17
15016927	53	41	2	0	101	49	1	4	48	30	63	65	1	4	17
15016928	53	41	0	3	101	49	2	0	48	30	63	65	2	2	17
15016929	53	41	2	0	101	49	1	4	48	30	63	65	0	2	17
15016930	53	41	0	0	101	49	1	0	48	30	63	65	2	0	17
15016931	53	41	0	2	99	49	2	1	48	20	63	65	2	4	17
15016932	53	41	3	2	98	49	0	5	48	20	63	65	1	2	17
15016933	43	41	1	2	86	49	1	0	48	20	45	65	1	1	17
15016934	43	27	2	1	86	47	3	2	48	20	45	42	2	0	17
15016935	43	27	5	1	86	47	0	4	48	20	45	39	0	0	17
15016936	40	27	0	4	86	47	0	0	48	20	45	39	5	1	12
15016937	39	27	0	1	86	47	0	1	48	20	45	39	0	0	12
15016938	39	27	2	0	86	47	0	2	48	20	45	39	0	0	12
15016939	39	27	1	3	86	47	2	0	48	20	45	39	0	3	12
15016940	39	27	5	5	83	47	0	0	48	20	45	39	1	4	12
15016941	37	27	2	2	83	47	1	1	48	20	45	39	2	3	12
15016942	37	27	2	0	83	47	1	0	48	20	45	39	0	0	12
15016943	37	27	0	2	83	47	0	0	48	20	45	39	0	4	12
15016944	37	27	0	2	81	47	0	3	34	20	45	39	1	4	12
15016945	37	27	0	1	74	47	0	0	34	20	45	39	1	0	12
15016946	37	27	0	3	73	47	2	5	34	20	30	39	1	3	12
15016947	36	27	0	1	71	47	0	3	34	20	30	39	5	2	11
15016948	36	27	0	0	71	36	0	0	34	20	30	39	3	1	11
15016949	36	27	4	2	68	36	1	2	34	20	30	39	2	5	11
15016950	33	27	5	4	62	36	1	4	34	20	30	39	0	1	11
15016951	33	25	1	1	62	33	1	1	34	20	30	31	0	1	11
15016952	33	25	0	5	62	33	3	1	34	20	29	31	3	0	11
15016953	33	25	1	0	54	33	0	2	34	20	29	31	5	3	11
15016954	27	25	2	3	48	25	2	1	34	20	29	31	5	5	6
15016955	27	22	0	5	46	25	0	1	29	20	29	31	2	0	6
15016956	27	22	3	1	46	25	1	0	29	20	29	31	2	0	6
15016957	23	18	2	0	42	25	4	3	29	20	29	31	1	0	6
15016958	21	18	2	2	34	25	0	0	29	8	20	19	2	5	6
15016959	18	18	0	5	33	25	2	0	29	8	20	19	2	5	6
15016960	18	18	0	2	28	21	1	0	29	8	6	12	3	2	6
15016961	18	18	1	1	28	21	1	1	29	8	6	12	0	0	6
15016962	18	18	1	5	28	21	0	4	29	8	6	12	3	1	6
15016963	18	18	2	1	28	21	3	0	29	8	6	12	2	1	6
15016964	18	18	1	0	28	21	0	1	29	8	6	12	0	1	6
15016965	18	12	2	0	28	21	1	0	29	8	6	12	0	0	6
15016966	16	12	4	1	27	21	2	2	29	8	6	12	5	0	6
15016967	16	12	4	0	27	21	2	0	29	8	6	12	0	1	6
15016968	16	12	2	3	27	21	1	0	29	8	6	12	2	2	6
15016969	16	12	2	4	25	21	1	2	29	8	6	12	3	5	6
15016970	16	12	5	2	25	21	0	1	29	8	6	12	2	0	6
15016971	14	9	4	5	25	21	5	0	29	8	6	12	0	1	6
15016972	14	9	0	2	25	21	3	0	29	8	6	12	1	0	6
15016973	14	9	1	2	25	21	1	0	29	8	6	12	2	5	6
15016974	14	9	0	0	25	21	1	2	29	8	6	12	2	0	6
15016975	14	9	2	1	25	21	1	2	29	8	6	12	1	1	6
15016976	14	9	3	1	24	21	1	0	29	8	6	12	5	0	6
15016977	12	9	1	1	20	21	0	5	29	8	6	12	5	1	6
15016978	12	9	2	2	20	21	0	4	29	8	6	12	1	2	6
15016979	11	9	1	0	20	21	0	0	29	8	3	12	0	3	6
15016980	11	9	1	4	19	21	5	1	29	8	3	3	1	1	6
15016981	11	9	0	0	19	21	2	5	29	8	3	3	1	1	6
15016982	11	7	0	1	18	21	0	0	29	8	3	3	0	2	6
15016983	11	7	0	3	18	21	2	2	29	8	3	3	0	3	6
15016984	11	7	1	0	18	21	0	2	29	8	3	3	0	2	0
15016985	11	7	1	0	18	21	4	0	29	8	0	3	3	5	0
15016986	11	7	1	0	18	13	0	3	29	8	0	3	0	5	0
15016987	6	7	0	3	17	13	2	2	29	8	0	3	0	0	0
15016988	4	3	2	5	16	13	4	1	29	8	0	3	0	0	0
15016989	4	3	0	2	16	13	0	0	23	8	0	3	1	0	0
15016990	3	3	1	5	2	7	2	2	23	8	0	3	0	2	0
15016991	0	2	2	0	0	0	1	2	0	0	0	3	1	1	0
15016992	0	2	2	1	0	0	2	0	0	0	0	3	1	1	0
15016993	0	0	0	0	0	0	0	0	0	0	0	0	0	0	0
15016994	0	0	0	0	0	0	0	0	0	0	0	0	0	0	0
15016995	0	0	0	0	0	0	0	0	0	0	0	0	0	0	0
15016996	0	0	0	0	0	0	0	0	0	0	0	0	0	0	0
15016997	0	0	0	0	0	0	0	0	0	0	0	0	0	0	0
15016998	0	0	0	0	0	0	0	0	0	0	0	0	0	0	0
15016999	0	0	0	0	0	0	0	0	0	0	0	0	0	0	0
15017000	0	0	0	0	0	0	0	0	0	0	0	0	0	0	0
15017001	0	0	0	0	0	0	0	0	0	0	0	0	0	0	0
15017002	0	0	0	0	0	0	0	0	0	0	0	0	0	0	0
15017003	0	0	0	0	0	0	0	0	0	0	0	0	0	0	0
15017004	0	0	0	0	0	0	0	0	0	0	0	0	0	0	0
15017005	0	0	0	0	0	0	0	0	0	0	0	0	0	0	0
15017006	0	0	0	0	0	0	0	0	0	0	0	0	0	0	0
15017007	0	0	0	0	0	0	0	0	0	0	0	0	0	0	0
15017008	0	0	0	0	0	0	0	0	0	0	0	0	0	0	0
15017009	0	0	0	0	0	0	0	0	0	0	0	0	0	0	0
15017010	0	0	0	0	0	0	0	0	0	0	0	0	0	0	0
15017011	0	0	0	0	0	0	0	0	0	0	0	0	0	0	0
15017012	0	0	0	0	0	0	0	0	0	0	0	0	0	0	0
15017013	0	0	0	0	0	0	0	0	0	0	0	0	0	0	0
15017014	0	0	0	0	0	0	0	0	0	0	0	0	0	0	0
15017015	0	0	0	0	0	0	0	0	0	0	0	0	0	0	0
15017016	0	0	0	0	0	0	0	0	0	0	0	0	0	0	0
15017017	0	0	0	0	0	0	0	0	0	0	0	0	0	0	0
15017018	0	0	0	0	0	0	0	0	0	0	0	0	0	0	0
15017019	0	0	0	0	0	0	0	0	0	0	0	0	0	0	0
15017020	0	0	0	0	0	0	0	0	0	0	0	0	0	0	0
15017021	0	0	0	0	0	0	0	0	0	0	0	0	0	0	0
15017022	0	0	0	0	0	0	0	0	0	0	0	0	0	0	0
15017023	0	0	0	0	0	0	0	0	0	0	0	0	0	0	0
15017024	0	0	0	0	0	0	0	0	0	0	0	0	0	0	0
15017025	0	0	0	0	0	0	0	0	0	0	0	0	0	0	0
15017026	0	0	0	0	0	0	0	0	0	0	0	0	0	0	0
15017027	0	0	0	0	0	0	0	0	0	0	0	0	0	0	0
15017028	0	0	0	0	0	0	0	0	0	0	0	0	0	0	0
15017029	0	0	0	0	0	0	0	0	0	0	0	0	0	0	0
15017030	0	0	0	0	0	0	0	0	0	0	0	0	0	0	0
15017031	0	0	0	0	0	0	0	0	0	0	0	0	0	0	0
15017032	0	0	0	0	0	0	0	0	0	0	0	0	0	0	0
15017033	0	0	0	0	0	0	0	0	0	0	0	0	0	0	0
15017034	0	0	0	0	0	0	0	0	0	0	0	0	0	0	0
15017035	0	0	0	0	0	0	0	0	0	0	0	0	0	0	0
15017036	0	0	0	0	0	0	0	0	0	0	0	0	0	0	0
15017037	0	0	0	0	0	0	0	0	0	0	0	0	0	0	0
15017038	0	0	0	0	0	0	0	0	0	0	0	0	0	0	0
15017039	0	0	0	0	0	0	0	0	0	0	0	0	0	0	0
15017040	0	0	0	0	0	0	0	0	0	0	0	0	0	0	0
15017041	0	0	0	0	0	0	0	0	0	0	0	0	0	0	0
15017042	0	0	0	0	0	0	0	0	0	0	0	0	0	0	0
15017043	0	0	0	0	0	0	0	0	0	0	0	0	0	0	0
15017044	0	0	0	0	0	0	0	0	0	0	0	0	0	0	0
15017045	0	0	0	0	0	0	0	0	0	0	0	0	0	0	0
15017046	0	0	0	0	0	0	0	0	0	0	0	0	0	0	0
15017047	0	0	0	0	0	0	0	0	0	0	0	0	0	0	0
15017048	0	0	0	0	0	0	0	0	0	0	0	0	0	0	0
15017049	0	0	0	0	0	0	0	0	0	0	0	0	0	0	0
15017050	0	0	0	0	0	0	0	0	0	0	0	0	0	0	0
15017051	0	0	0	0	0	0	0	0	0	0	0	0	0	0	0
15017052	0	0	0	0	0	0	0	0	0	0	0	0	0	0	0
15017053	2	0	1	4	0	0	0	2	0	0	0	0	0	2	0
15017054	2	0	2	2	0	0	3	5	0	0	0	0	4	2	0
15017055	2	0	2	0	0	0	0	4	0	0	0	0	1	2	0
15017056	2	0	2	3	0	0	2	2	0	0	0	0	0	1	0
15017057	2	0	4	0	0	0	4	0	0	0	0	0	0	0	0
15017058	2	0	5	4	0	0	1	2	0	0	0	0	0	2	0
15017059	2	0	0	1	0	0	1	0	0	0	0	0	1	0	0
15017060	2	0	0	1	0	0	2	3	0	0	0	0	1	5	0
15017061	2	0	0	4	0	0	0	1	0	0	0	0	1	4	0
15017062	2	0	1	1	0	0	5	3	0	0	0	0	0	1	0
15017063	2	0	2	2	0	0	1	1	0	0	0	0	0	0	0
15017064	2	0	0	0	0	0	4	3	0	0	0	0	2	0	0
15017065	2	0	0	2	0	0	0	0	0	0	0	0	5	1	0
15017066	2	0	0	0	0	0	2	2	0	0	0	0	1	1	0
15017067	2	0	1	1	0	0	3	3	0	0	0	0	1	4	0
15017068	2	0	0	1	0	7	0	0	0	0	0	0	1	0	0
15017069	2	0	4	2	0	7	0	1	0	0	0	0	5	0	0
15017070	2	0	4	2	0	7	4	0	0	0	0	0	1	1	0
15017071	2	0	1	2	0	7	5	2	0	0	0	0	1	3	0
15017072	2	0	2	1	0	7	1	3	0	0	0	0	2	1	0
15017073	2	0	2	0	0	7	0	0	0	0	0	0	0	2	0
15017074	2	0	0	0	0	7	0	0	0	0	0	0	0	1	0
15017075	2	0	0	0	0	7	4	4	0	0	0	0	0	1	0
15017076	2	0	0	2	0	7	1	0	0	0	0	0	0	1	0
15017077	2	0	5	2	0	7	5	0	0	0	0	0	1	4	0
15017078	2	0	2	2	0	7	0	0	0	0	0	0	0	1	0
15017079	2	0	3	0	0	7	1	2	0	0	0	0	0	1	0
15017080	2	0	2	3	0	7	2	5	0	0	0	0	0	2	0
15017081	2	0	2	0	0	7	2	2	0	0	0	0	2	0	0
15017082	2	0	2	1	0	7	3	0	0	0	0	0	0	2	0
15017083	2	0	2	1	0	7	2	2	0	0	0	0	0	1	0
15017084	2	0	3	0	0	7	1	1	0	0	0	0	2	0	0
15017085	2	0	0	0	0	7	2	0	0	0	0	0	1	2	0
15017086	2	0	1	2	0	7	3	2	0	0	0	0	5	2	0
15017087	2	0	5	2	0	7	5	3	0	0	0	0	4	4	0
15017088	2	0	0	3	0	7	1	1	0	0	0	0	5	0	0
15017089	2	0	0	3	0	7	2	2	0	0	0	0	3	0	0
15017090	2	0	2	2	0	7	1	0	0	0	0	0	0	2	0
15017091	2	0	4	5	0	7	2	1	0	0	0	0	0	0	0
15017092	2	0	3	0	0	7	2	0	0	0	0	0	1	1	0
15017093	2	0	1	2	0	7	0	1	0	0	0	0	1	1	0
15017094	2	0	2	2	0	7	3	5	0	0	0	0	5	0	0
15017095	2	0	1	0	0	7	1	0	0	0	0	0	2	1	0
15017096	2	0	0	2	0	7	1	0	0	0	0	0	3	1	0
15017097	2	0	1	2	0	7	2	0	0	0	0	0	1	0	0
15017098	2	0	2	2	0	7	0	2	0	0	0	0	2	3	0
15017099	2	0	2	1	0	7	3	1	0	0	0	0	0	1	0
15017100	2	0	0	0	0	7	0	2	0	0	0	0	0	2	0
15017101	2	0	1	1	0	7	2	4	0	0	0	0	1	2	0
15017102	2	0	1	0	0	7	1	1	0	0	0	0	0	5	0
15017103	2	0	1	0	0	7	2	2	0	0	0	0	0	1	0
15017104	2	0	2	1	0	7	0	4	0	0	0	0	0	0	0
15017105	2	0	5	0	0	7	2	3	0	0	0	0	2	2	0
15017106	2	0	1	4	0	7	1	2	0	0	0	0	1	3	0
15017107	2	0	0	0	0	7	0	0	0	0	0	0	0	3	0
15017108	2	0	2	0	0	7	0	0	0	0	0	0	1	3	0
15017109	2	0	1	0	0	7	4	2	0	0	0	0	0	0	0
15017110	2	0	4	1	0	7	0	1	0	0	0	0	0	1	0
15017111	2	0	1	1	0	7	2	1	0	0	0	0	0	2	0
15017112	2	0	0	0	0	7	4	0	0	0	0	0	2	0	0
15017113	2	0	2	2	0	7	0	0	0	0	0	0	0	3	0
15017114	2	0	0	1	0	7	5	0	0	0	0	0	3	1	0
15017115	2	0	1	1	0	7	1	2	0	0	0	0	0	0	0
15017116	2	0	1	0	0	7	0	2	0	0	0	0	1	4	0
15017117	2	0	5	5	0	7	5	2	0	0	0	0	0	2	0
15017118	2	0	2	1	0	7	1	2	0	0	0	0	0	4	0
15017119	2	0	0	3	0	7	2	1	0	0	0	0	0	5	0
15017120	2	0	0	2	0	7	2	2	0	0	0	0	1	1	0
15017121	2	0	0	5	0	7	2	2	0	0	0	0	2	2	0
15017122	2	0	1	2	0	7	4	5	0	0	0	0	5	2	0
15017123	2	0	1	2	0	7	0	0	0	0	0	0	0	0	0
15017124	2	0	0	0	0	7	1	0	0	0	0	0	1	2	0
15017125	2	0	5	0	0	7	0	1	0	0	6	0	3	0	0
15017126	2	0	0	0	0	7	2	2	0	0	6	0	0	0	0
15017127	2	0	1	1	0	7	0	4	0	0	6	0	1	5	0
15017128	2	0	0	0	0	7	0	2	0	0	6	0	2	5	0
15017129	2	0	1	1	0	7	1	1	0	0	6	0	2	0	0
15017130	2	0	1	5	0	7	1	2	0	0	6	0	0	0	0
15017131	2	0	0	3	0	7	1	5	0	0	6	0	2	2	0
15017132	2	0	0	0	0	7	3	2	0	0	6	0	0	0	0
15017133	2	0	0	2	0	7	1	0	0	0	6	0	0	0	0
15017134	2	0	2	3	0	7	3	0	0	0	6	0	0	0	0
15017135	2	0	2	0	0	7	4	1	0	0	6	0	0	0	0
15017136	2	0	4	2	0	7	1	4	0	0	6	0	2	2	0
15017137	2	0	0	0	0	7	4	0	0	0	6	0	0	4	0
15017138	2	0	2	0	0	7	1	0	0	0	6	0	1	0	0
15017139	2	0	1	2	0	7	0	0	0	0	6	0	0	5	0
15017140	2	0	2	2	0	7	4	0	0	0	6	0	2	1	0
15017141	2	0	1	0	0	7	5	0	0	0	6	0	3	5	0
15017142	2	0	0	3	0	7	0	4	0	0	6	0	3	0	0
15017143	2	0	0	2	0	7	0	2	0	0	6	0	2	2	0
15017144	2	0	5	2	0	7	0	3	0	0	6	0	5	1	0
15017145	2	0	0	1	0	7	1	1	0	0	6	0	2	0	0
15017146	2	0	0	0	0	7	2	4	0	0	6	0	0	0	0
15017147	2	0	2	2	0	7	0	0	0	0	6	0	3	2	0
15017148	2	0	2	2	0	7	0	3	0	0	6	0	0	2	0
15017149	2	0	0	1	0	7	1	3	0	0	6	0	2	4	0
15017150	2	0	0	0	0	7	0	5	0	0	6	0	1	4	0
15017151	2	0	3	4	0	7	2	3	0	0	6	0	2	3	0
15017152	2	0	5	2	0	7	2	2	0	0	6	0	1	3	0
15017153	2	0	1	4	0	7	1	2	0	0	6	0	0	1	0
15017154	0	0	0	1	0	7	0	3	0	0	6	0	0	0	0
15017155	0	0	0	2	0	7	0	5	0	0	6	0	1	2	0
15017156	0	0	2	4	0	7	2	1	0	0	6	0	1	0	0
15017157	3	0	2	0	0	7	2	2	0	0	6	0	0	1	0
15017158	3	0	0	2	0	7	3	1	0	0	6	0	0	0	0
15017159	3	0	2	2	0	7	4	3	0	0	6	0	1	0	0
15017160	3	0	1	1	0	7	2	0	0	0	6	0	0	5	0
15017161	3	0	0	5	0	7	2	0	0	0	6	0	0	2	0
15017162	3	0	4	1	0	7	1	2	0	0	6	0	2	0	0
15017163	3	0	1	2	0	7	1	5	0	0	6	0	0	0	0
15017164	3	0	0	2	0	7	2	0	0	0	6	0	2	1	0
15017165	3	0	1	0	0	7	0	0	0	0	6	0	1	0	0
15017166	3	0	2	1	0	7	2	2	0	0	6	0	0	2	0
15017167	3	0	0	0	0	7	1	4	0	0	6	0	0	1	0
15017168	3	0	1	0	0	0	2	5	0	0	6	0	0	2	0
15017169	3	0	2	1	0	0	0	0	0	0	6	0	3	0	0
15017170	3	0	4	1	0	0	2	0	0	0	6	0	2	1	0
15017171	3	0	1	0	0	0	3	0	0	0	6	0	1	3	0
15017172	3	0	2	0	0	0	1	2	0	0	6	0	2	1	0
15017173	3	0	3	0	0	0	0	1	0	0	6	0	1	0	0
15017174	3	0	5	4	0	0	5	2	0	0	6	0	3	0	0
15017175	3	0	0	0	0	0	4	2	0	0	6	0	1	0	0
15017176	3	0	0	1	0	0	0	4	0	0	6	0	2	4	0
15017177	3	0	1	2	0	0	3	0	0	0	6	0	5	1	0
15017178	3	0	0	0	0	0	0	2	0	0	6	0	0	2	0
15017179	3	0	3	1	0	0	0	5	0	0	6	0	2	2	0
15017180	3	0	2	1	0	0	0	0	0	0	6	0	5	2	0
15017181	3	0	3	1	0	0	0	0	0	0	6	0	2	4	0
15017182	3	0	2	0	0	0	2	1	0	0	6	0	2	2	0
15017183	3	0	2	0	0	0	0	4	0	0	6	0	1	0	0
15017184	3	0	0	1	0	0	3	0	0	0	6	0	0	2	0
15017185	3	0	2	0	0	0	0	0	0	0	6	0	0	0	0
15017186	3	0	5	4	0	0	1	0	0	0	6	0	0	1	0
15017187	3	0	5	2	0	0	2	2	0	0	6	0	0	2	0
15017188	3	0	1	1	0	0	0	0	0	0	6	0	0	1	0
15017189	3	0	5	0	0	0	1	3	0	0	6	0	2	0	0
15017190	3	0	1	0	0	0	4	1	0	0	6	0	0	0	0
15017191	3	0	0	0	0	0	1	1	0	0	6	0	5	1	0
15017192	3	0	4	4	0	0	2	0	0	0	6	0	0	1	0
15017193	3	0	0	0	0	0	2	0	0	0	6	0	0	2	0
15017194	3	0	0	0	0	0	0	3	0	0	6	0	2	2	0
15017195	3	0	2	1	0	0	0	1	0	0	6	0	0	0	0
15017196	3	0	0	1	0	0	0	2	0	0	6	0	2	0	0
15017197	3	0	2	0	0	0	2	1	0	0	6	0	1	0	0
15017198	3	0	2	5	0	0	0	2	0	0	6	0	2	0	0
15017199	3	0	1	1	0	0	2	4	0	0	6	0	2	0	0
15017200	3	0	3	1	0	0	0	0	0	0	6	0	1	2	0
15017201	3	0	5	5	0	0	2	0	0	0	6	0	0	1	0
15017202	3	0	0	2	0	0	2	0	0	0	6	0	0	0	0
15017203	3	0	0	0	0	0	2	0	0	0	6	0	2	0	0
15017204	3	0	1	0	0	0	5	0	0	0	6	0	2	1	0
15017205	3	0	0	3	0	0	1	0	0	0	6	0	2	5	0
15017206	3	0	0	2	0	0	2	1	0	0	6	0	4	0	0
15017207	3	0	1	2	0	0	4	0	0	0	6	0	2	2	0
15017208	3	0	1	2	0	0	2	0	0	0	6	0	0	1	0
15017209	3	0	0	1	0	0	1	2	0	0	6	0	0	1	0
15017210	3	0	3	2	0	0	0	2	0	0	6	0	0	2	0
15017211	3	0	0	1	0	0	1	1	0	0	6	0	1	0	0
15017212	3	0	1	0	0	0	1	2	0	0	6	0	1	1	0
15017213	3	0	2	5	0	0	4	2	0	0	6	0	1	2	0
15017214	3	0	0	2	0	0	4	0	0	0	6	0	2	1	0
15017215	3	0	4	0	0	0	4	3	0	0	6	0	0	0	0
15017216	3	0	2	0	0	0	0	0	0	0	6	0	4	2	0
15017217	3	0	3	2	0	0	2	0	0	0	6	0	2	2	0
15017218	3	0	2	5	0	0	0	2	0	0	6	0	2	1	0
15017219	3	0	4	0	0	0	0	0	0	0	6	0	0	0	0
15017220	3	0	0	0	0	0	1	1	0	0	6	0	5	0	0
15017221	3	0	2	0	0	0	0	4	0	0	6	0	4	1	0
15017222	3	0	3	0	0	0	3	4	0	0	6	0	3	0	0
15017223	3	0	0	0	0	0	0	1	0	0	6	0	1	5	0
15017224	3	0	0	1	0	0	2	0	0	0	6	0	0	2	0
15017225	3	0	2	1	0	0	0	3	0	0	6	0	4	2	0
15017226	3	0	2	2	0	0	2	0	0	0	0	0	2	2	0
15017227	3	0	2	0	0	0	1	0	0	0	0	0	4	1	0
15017228	3	0	3	0	0	0	1	3	0	0	0	0	0	0	0
15017229	3	0	4	4	0	0	2	0	0	0	0	0	0	2	0
15017230	3	0	0	5	0	0	0	4	0	0	0	0	0	0	0
15017231	3	0	2	2	0	0	0	2	0	0	0	0	0	2	0
15017232	3	0	0	0	0	0	2	3	0	0	0	0	5	0	0
15017233	3	0	1	4	0	0	0	0	0	0	0	0	2	0	0
15017234	3	0	2	0	0	0	0	0	0	0	0	0	0	4	0
15017235	3	0	2	2	0	0	0	5	0	0	0	0	4	0	0
15017236	3	0	0	4	0	0	3	2	0	0	0	0	0	0	0
15017237	3	0	0	0	0	0	1	0	0	0	0	0	0	0	0
15017238	3	0	2	3	0	0	0	0	0	0	0	0	4	4	0
15017239	3	0	0	1	0	0	2	3	0	0	0	0	0	0	0
15017240	3	0	3	0	0	0	0	2	0	0	0	0	2	1	0
15017241	3	0	2	0	0	0	3	2	0	0	0	0	0	3	0
15017242	3	0	0	1	0	0	3	0	0	0	0	0	1	0	0
